0.0 8
0.992 7
1.992 10
2.993 7
3.993 13
4.993 3
5.994 0
6.994 6
7.995 12
8.995 2
9.995 1
10.996 3
11.996 2
12.997 1
13.997 2
14.998 1
15.998 1
16.998 1
17.999 0
18.999 1
20.0 9
21.0 5
22.0 2
23.001 2
24.001 4
25.002 4
26.002 16
27.002 14
28.002 16
29.003 57
30.003 43
31.004 30
32.004 17
33.004 20
34.005 17
35.005 11
36.006 5
37.007 3
38.007 1
39.007 11
40.008 36
41.008 38
42.008 12
43.008 33
44.009 29
45.009 1
46.01 2
47.01 1
48.011 7
49.011 2
50.011 0
51.012 1
52.012 1
53.013 4
54.013 2
55.013 21
56.013 9
57.014 2
58.014 14
59.014 4
60.015 5
61.015 2
62.016 3
63.016 8
64.016 9
65.017 11
66.017 15
67.018 11
68.018 10
69.019 3
70.019 2
71.019 4
72.02 4
73.02 3
74.02 2
75.021 5
76.021 6
77.022 7
78.022 11
79.022 15
80.022 7
81.023 6
82.023 3
83.024 5
84.024 3
85.025 3
86.025 4
87.026 4
88.026 4
89.026 7
90.027 7
91.027 11
92.027 5
93.028 8
94.028 11
95.028 12
96.029 2
97.029 3
98.03 4
99.03 3
100.03 4
101.031 4
102.031 4
103.032 3
104.032 3
105.032 17
106.033 2
107.033 6
108.034 6
109.034 4
110.034 5
111.035 2
112.035 3
113.036 2
114.036 4
115.036 4
116.037 5
117.037 3
118.038 13
119.038 5
120.039 11
121.039 8
122.039 13
123.039 11
124.04 1
125.04 12
126.041 3
127.041 18
128.041 17
129.042 14
130.042 8
131.043 37
132.043 17
133.044 2
134.045 21
135.045 11
136.046 6
137.046 4
138.047 4
139.047 5
140.048 13
141.048 9
142.048 11
143.049 5
144.049 1
145.049 2
146.05 3
147.051 3
148.051 8
149.051 4
150.052 8
151.052 6
152.052 6
153.053 1
154.053 6
155.053 3
156.054 5
157.054 4
158.055 3
159.055 0
160.056 2
161.056 5
162.056 5
163.057 7
164.057 4
165.058 12
166.058 5
167.059 5
168.059 2
169.06 2
170.06 2
171.061 1
172.061 1
173.062 1
174.062 8
175.063 3
176.063 6
177.063 6
178.064 5
179.064 7
180.064 11
181.065 2
182.065 1
183.066 2
184.066 4
185.066 3
186.067 3
187.067 3
188.068 1
189.068 2
190.069 3
191.069 4
192.07 7
193.07 40
194.07 38
195.07 55
196.07 66
197.071 48
198.071 21
199.071 7
200.072 1
201.072 3
202.073 6
203.073 11
204.073 5
205.074 1
206.074 3
207.074 8
208.075 1
209.075 2
210.075 8
211.076 2
212.076 4
213.076 7
214.077 9
215.077 0
216.078 7
217.078 1
218.078 8
219.079 6
220.079 9
221.08 6
222.08 9
223.08 3
224.081 6
225.081 5
226.081 9
227.082 7
228.082 4
229.082 2
230.083 5
231.083 8
232.084 14
233.084 10
234.085 4
235.085 6
236.085 2
237.085 7
238.086 2
239.086 5
240.087 3
241.087 6
242.087 5
243.088 4
244.088 1
245.089 1
246.089 1
247.089 3
248.09 5
249.09 4
250.09 4
251.091 6
252.091 6
253.092 4
254.092 4
255.093 4
256.093 8
257.093 7
258.094 5
259.094 6
260.095 7
261.095 3
262.095 5
263.096 6
264.096 4
265.096 3
266.097 4
267.097 5
268.098 5
269.098 8
270.098 9
271.099 7
272.099 10
273.1 6
274.1 4
275.1 6
276.101 7
277.101 4
278.101 6
279.102 6
280.102 8
281.103 3
282.103 2
283.104 1
284.104 3
285.105 3
286.105 1
287.105 4
288.106 2
289.106 2
290.107 5
291.107 4
292.107 3
293.108 6
294.108 7
295.108 5
296.109 2
297.109 6
298.109 6
299.11 2
300.11 1
301.111 2
302.111 1
303.111 9
304.111 5
305.112 1
306.112 3
307.113 6
308.113 1
309.114 4
310.114 4
311.114 2
312.115 2
313.115 2
314.116 2
315.116 5
316.117 7
317.117 5
318.117 9
319.117 10
320.118 9
321.118 7
322.119 4
323.119 5
324.12 3
325.12 7
326.12 4
327.121 4
328.121 4
329.122 5
330.122 7
331.122 4
332.123 6
333.123 7
334.123 6
335.124 6
336.124 6
337.125 0
338.125 1
339.126 0
340.126 1
341.127 0
342.127 2
343.128 1
344.128 1
345.129 2
346.129 2
347.129 2
348.13 2
349.13 2
350.131 5
351.131 1
352.131 4
353.132 4
354.132 3
355.133 2
356.133 1
357.134 1
358.134 1
359.135 6
360.135 7
361.135 9
362.136 4
363.136 3
364.136 10
365.137 7
366.137 7
367.138 3
368.138 2
369.138 5
370.139 5
371.139 8
372.139 8
373.14 8
374.14 6
375.14 5
376.141 2
377.141 2
378.142 1
379.142 0
380.142 2
381.143 3
382.143 1
383.143 5
384.144 5
385.144 5
386.145 1
387.145 1
388.146 3
389.146 2
390.147 1
391.147 2
392.148 0
393.148 3
394.148 7
395.149 7
396.149 6
397.149 8
398.15 7
399.15 4
400.15 7
401.151 7
402.151 6
403.151 2
404.152 9
405.152 4
406.152 5
407.153 6
408.153 8
409.154 6
410.154 2
411.154 6
412.155 2
413.156 3
414.156 6
415.156 6
416.157 7
417.157 7
418.157 1
419.158 1
420.158 1
421.159 1
422.159 2
423.16 3
424.16 5
425.16 3
426.161 6
427.161 3
428.161 4
429.161 1
430.162 2
431.162 6
432.163 2
433.163 1
434.163 3
435.164 7
436.164 8
437.164 6
438.165 8
439.165 6
440.166 4
441.167 1
442.167 1
443.167 4
444.168 2
445.168 6
446.169 3
447.169 5
448.17 2
449.17 1
450.171 3
451.171 0
452.172 3
453.172 1
454.173 1
455.173 3
456.173 4
457.174 5
458.174 8
459.174 7
460.175 5
461.175 5
462.176 4
463.176 2
464.176 5
465.177 6
466.177 2
467.178 1
468.178 2
469.178 8
470.178 3
471.179 6
472.179 8
473.179 3
474.18 8
475.18 4
476.18 5
477.181 0
478.181 6
479.182 4
480.182 3
481.182 2
482.183 5
483.183 4
484.183 7
485.183 5
486.184 1
487.184 4
488.184 4
489.185 5
490.185 2
491.186 1
492.186 2
493.187 1
494.187 1
495.187 3
496.188 3
497.188 7
498.189 5
499.189 3
500.19 6
501.19 1
502.191 1
503.191 5
504.191 4
505.192 0
506.192 1
507.193 4
508.193 1
509.193 2
510.194 2
511.195 2
512.195 3
513.195 2
514.196 3
515.196 4
516.197 3
517.197 2
518.198 12
519.198 11
520.199 4
521.199 2
522.199 1
523.2 1
524.2 1
525.201 1
526.201 1
527.202 2
528.202 2
529.203 1
530.203 2
531.204 2
532.204 1
533.204 0
534.205 2
535.205 0
536.206 1
537.206 0
538.207 3
539.207 3
540.207 5
541.208 3
542.209 3
543.209 4
544.209 13
545.209 8
546.21 20
547.21 10
548.211 6
549.211 25
550.212 8
551.213 13
552.213 34
553.213 12
554.213 35
555.214 39
556.214 17
557.215 27
558.216 18
559.217 16
560.217 9
561.218 5
562.218 4
563.218 3
564.219 2
565.219 1
566.219 6
567.22 4
568.22 6
569.221 5
570.221 5
571.221 5
572.222 6
573.222 5
574.223 4
575.223 3
576.224 6
577.224 2
578.225 27
579.225 41
580.225 48
581.226 18
582.226 30
583.227 46
584.228 48
585.228 48
586.23 77
587.23 34
588.231 24
589.231 13
590.231 6
591.232 5
592.232 4
593.233 9
594.233 2
595.234 3
596.234 3
597.235 3
598.235 5
599.235 11
600.236 7
601.236 14
602.237 14
603.238 14
604.238 3
605.239 10
606.239 12
607.24 8
608.24 3
609.241 15
610.241 17
611.241 14
612.242 18
613.242 1
614.242 0
615.243 2
616.243 17
617.244 10
618.244 1
619.244 2
620.245 1
621.245 1
622.246 1
623.246 3
624.247 6
625.247 4
626.247 3
627.248 3
628.248 3
629.249 7
630.249 3
631.25 3
632.25 5
633.251 5
634.251 4
635.251 7
636.252 11
637.252 13
638.253 10
639.253 2
640.254 2
641.254 1
642.254 4
643.255 2
644.255 0
645.255 1
646.256 1
647.256 1
648.257 0
649.257 1
650.258 0
651.258 1
652.258 0
653.259 1
654.26 1
655.26 1
656.26 2
657.261 0
658.261 1
659.261 1
660.262 0
661.262 1
662.263 2
663.263 2
664.264 1
665.264 1
666.265 0
667.265 2
668.266 3
669.266 2
670.267 1
671.267 1
672.268 2
673.268 4
674.268 1
675.269 5
676.269 8
677.27 9
678.27 9
679.27 11
680.271 9
681.271 2
682.272 2
683.272 2
684.272 3
685.273 9
686.273 8
687.273 6
688.274 7
689.274 6
690.274 6
691.275 3
692.275 5
693.276 6
694.276 3
695.277 1
696.277 2
697.278 2
698.278 3
699.279 1
700.279 2
701.28 1
702.28 1
703.281 1
704.281 2
705.282 1
706.282 2
707.282 2
708.283 2
709.283 1
710.284 1
711.284 0
712.285 2
713.285 0
714.286 1
715.287 1
716.287 4
717.288 15
718.288 15
719.288 22
720.288 22
721.289 17
722.289 4
723.29 6
724.29 5
725.29 21
726.291 7
727.291 24
728.292 19
729.292 9
730.292 7
731.292 11
732.293 33
733.293 16
734.294 20
735.294 10
736.295 15
737.295 22
738.295 21
739.296 6
740.296 1
741.297 0
742.297 1
743.298 7
744.298 3
745.298 6
746.299 16
747.299 10
748.3 13
749.3 8
750.3 3
751.301 5
752.301 1
753.302 4
754.303 1
755.303 1
756.304 0
757.304 1
758.305 4
759.305 3
760.306 5
761.306 1
762.307 0
763.308 11
764.308 20
765.308 15
766.309 7
767.309 2
768.31 0
769.31 4
770.31 0
771.311 1
772.311 8
773.312 8
774.312 4
775.313 4
776.313 0
777.314 1
778.314 0
779.315 1
780.315 0
781.316 1
782.316 3
783.317 1
784.317 0
785.318 1
786.319 2
787.319 2
788.32 0
789.32 1
790.32 2
791.32 1
792.321 0
793.321 0
794.322 2
795.322 7
796.322 5
797.323 9
798.324 9
799.324 5
800.325 1
801.325 0
802.326 1
803.326 0
804.327 1
805.327 0
806.328 1
807.328 1
808.329 1
809.329 0
810.33 1
811.33 0
812.331 1
813.331 3
814.332 11
815.332 9
816.332 4
817.333 4
818.333 12
819.334 7
820.334 11
821.335 3
822.335 6
823.336 16
824.336 16
825.336 15
826.337 8
827.337 4
828.337 12
829.338 4
830.338 7
831.339 2
832.339 4
833.34 4
834.34 2
835.34 8
836.341 11
837.341 1
838.342 2
839.342 1
840.343 1
841.343 2
842.344 1
843.344 1
844.345 3
845.345 1
846.346 1
847.346 1
848.347 1
849.348 2
850.348 0
851.348 1
852.349 1
853.349 2
854.35 0
855.35 1
856.351 0
857.351 1
858.352 0
859.352 2
860.353 2
861.353 1
862.354 1
863.354 1
864.355 1
865.355 1
866.356 1
867.356 1
868.357 0
869.357 1
870.358 1
871.358 1
872.359 1
873.359 1
874.36 1
875.36 3
876.361 0
877.361 1
878.362 1
879.362 2
880.363 0
881.363 1
882.364 0
883.364 2
884.365 0
885.365 1
886.366 1
887.366 1
888.367 0
889.367 1
890.367 0
891.368 4
892.368 0
893.369 1
894.369 2
895.37 1
896.37 0
897.371 1
898.371 1
899.372 3
900.372 0
901.373 2
902.373 0
903.374 1
904.374 1
905.375 1
906.375 0
907.376 4
908.376 1
909.377 0
910.377 1
911.378 1
912.378 3
913.379 2
914.379 0
915.38 6
916.38 5
917.38 6
918.381 4
919.381 5
920.382 0
921.382 2
922.383 4
923.383 2
924.384 0
925.384 5
926.384 9
927.385 0
928.385 3
929.386 5
930.386 1
931.387 8
932.387 6
933.387 4
934.388 9
935.388 1
936.389 2
937.389 1
938.39 1
939.39 1
940.39 1
941.391 2
942.391 1
943.392 3
944.392 2
945.393 1
946.393 1
947.394 8
948.394 1
949.395 1
950.395 6
951.396 8
952.396 10
953.396 12
954.397 16
955.397 10
956.397 27
957.398 19
958.398 1
959.399 5
960.399 11
961.4 5
962.4 1
963.4 15
964.401 7
965.401 14
966.402 19
967.402 22
968.402 10
969.403 7
970.403 1
971.403 3
972.404 4
973.404 3
974.405 6
975.405 8
976.406 1
977.406 4
978.407 1
979.407 2
980.407 5
981.408 18
982.408 3
983.409 1
984.409 1
985.41 1
986.41 3
987.411 1
988.411 1
989.412 1
990.412 0
991.413 1
992.413 0
993.414 1
994.414 1
995.415 1
996.415 0
997.416 1
998.416 2
999.417 2
