1421061133.079 8
1421061134.071 7
1421061135.071 10
1421061136.072 7
1421061137.072 13
1421061138.072 3
1421061139.073 0
1421061140.073 6
1421061141.074 12
1421061142.074 2
1421061143.074 1
1421061144.075 3
1421061145.075 2
1421061146.076 1
1421061147.076 2
1421061148.077 1
1421061149.077 1
1421061150.077 1
1421061151.078 0
1421061152.078 1
1421061153.079 9
1421061154.079 5
1421061155.079 2
1421061156.08 2
1421061157.08 4
1421061158.081 4
1421061159.081 16
1421061160.081 14
1421061161.081 16
1421061162.082 57
1421061163.082 43
1421061164.083 30
1421061165.083 17
1421061166.083 20
1421061167.084 17
1421061168.084 11
1421061169.085 5
1421061170.086 3
1421061171.086 1
1421061172.086 11
1421061173.087 36
1421061174.087 38
1421061175.087 12
1421061176.087 33
1421061177.088 29
1421061178.088 1
1421061179.089 2
1421061180.089 1
1421061181.09 7
1421061182.09 2
1421061183.09 0
1421061184.091 1
1421061185.091 1
1421061186.092 4
1421061187.092 2
1421061188.092 21
1421061189.092 9
1421061190.093 2
1421061191.093 14
1421061192.093 4
1421061193.094 5
1421061194.094 2
1421061195.095 3
1421061196.095 8
1421061197.095 9
1421061198.096 11
1421061199.096 15
1421061200.097 11
1421061201.097 10
1421061202.098 3
1421061203.098 2
1421061204.098 4
1421061205.099 4
1421061206.099 3
1421061207.099 2
1421061208.1 5
1421061209.1 6
1421061210.101 7
1421061211.101 11
1421061212.101 15
1421061213.101 7
1421061214.102 6
1421061215.102 3
1421061216.103 5
1421061217.103 3
1421061218.104 3
1421061219.104 4
1421061220.105 4
1421061221.105 4
1421061222.105 7
1421061223.106 7
1421061224.106 11
1421061225.106 5
1421061226.107 8
1421061227.107 11
1421061228.107 12
1421061229.108 2
1421061230.108 3
1421061231.109 4
1421061232.109 3
1421061233.109 4
1421061234.11 4
1421061235.11 4
1421061236.111 3
1421061237.111 3
1421061238.111 17
1421061239.112 2
1421061240.112 6
1421061241.113 6
1421061242.113 4
1421061243.113 5
1421061244.114 2
1421061245.114 3
1421061246.115 2
1421061247.115 4
1421061248.115 4
1421061249.116 5
1421061250.116 3
1421061251.117 13
1421061252.117 5
1421061253.118 11
1421061254.118 8
1421061255.118 13
1421061256.118 11
1421061257.119 1
1421061258.119 12
1421061259.12 3
1421061260.12 18
1421061261.12 17
1421061262.121 14
1421061263.121 8
1421061264.122 37
1421061265.122 17
1421061266.123 2
1421061267.124 21
1421061268.124 11
1421061269.125 6
1421061270.125 4
1421061271.126 4
1421061272.126 5
1421061273.127 13
1421061274.127 9
1421061275.127 11
1421061276.128 5
1421061277.128 1
1421061278.128 2
1421061279.129 3
1421061280.13 3
1421061281.13 8
1421061282.13 4
1421061283.131 8
1421061284.131 6
1421061285.131 6
1421061286.132 1
1421061287.132 6
1421061288.132 3
1421061289.133 5
1421061290.133 4
1421061291.134 3
1421061292.134 0
1421061293.135 2
1421061294.135 5
1421061295.135 5
1421061296.136 7
1421061297.136 4
1421061298.137 12
1421061299.137 5
1421061300.138 5
1421061301.138 2
1421061302.139 2
1421061303.139 2
1421061304.14 1
1421061305.14 1
1421061306.141 1
1421061307.141 8
1421061308.142 3
1421061309.142 6
1421061310.142 6
1421061311.143 5
1421061312.143 7
1421061313.143 11
1421061314.144 2
1421061315.144 1
1421061316.145 2
1421061317.145 4
1421061318.145 3
1421061319.146 3
1421061320.146 3
1421061321.147 1
1421061322.147 2
1421061323.148 3
1421061324.148 4
1421061325.149 7
1421061326.149 40
1421061327.149 38
1421061328.149 55
1421061329.149 66
1421061330.15 48
1421061331.15 21
1421061332.15 7
1421061333.151 1
1421061334.151 3
1421061335.152 6
1421061336.152 11
1421061337.152 5
1421061338.153 1
1421061339.153 3
1421061340.153 8
1421061341.154 1
1421061342.154 2
1421061343.154 8
1421061344.155 2
1421061345.155 4
1421061346.155 7
1421061347.156 9
1421061348.156 0
1421061349.157 7
1421061350.157 1
1421061351.157 8
1421061352.158 6
1421061353.158 9
1421061354.159 6
1421061355.159 9
1421061356.159 3
1421061357.16 6
1421061358.16 5
1421061359.16 9
1421061360.161 7
1421061361.161 4
1421061362.161 2
1421061363.162 5
1421061364.162 8
1421061365.163 14
1421061366.163 10
1421061367.164 4
1421061368.164 6
1421061369.164 2
1421061370.164 7
1421061371.165 2
1421061372.165 5
1421061373.166 3
1421061374.166 6
1421061375.166 5
1421061376.167 4
1421061377.167 1
1421061378.168 1
1421061379.168 1
1421061380.168 3
1421061381.169 5
1421061382.169 4
1421061383.169 4
1421061384.17 6
1421061385.17 6
1421061386.171 4
1421061387.171 4
1421061388.172 4
1421061389.172 8
1421061390.172 7
1421061391.173 5
1421061392.173 6
1421061393.174 7
1421061394.174 3
1421061395.174 5
1421061396.175 6
1421061397.175 4
1421061398.175 3
1421061399.176 4
1421061400.176 5
1421061401.177 5
1421061402.177 8
1421061403.177 9
1421061404.178 7
1421061405.178 10
1421061406.179 6
1421061407.179 4
1421061408.179 6
1421061409.18 7
1421061410.18 4
1421061411.18 6
1421061412.181 6
1421061413.181 8
1421061414.182 3
1421061415.182 2
1421061416.183 1
1421061417.183 3
1421061418.184 3
1421061419.184 1
1421061420.184 4
1421061421.185 2
1421061422.185 2
1421061423.186 5
1421061424.186 4
1421061425.186 3
1421061426.187 6
1421061427.187 7
1421061428.187 5
1421061429.188 2
1421061430.188 6
1421061431.188 6
1421061432.189 2
1421061433.189 1
1421061434.19 2
1421061435.19 1
1421061436.19 9
1421061437.19 5
1421061438.191 1
1421061439.191 3
1421061440.192 6
1421061441.192 1
1421061442.193 4
1421061443.193 4
1421061444.193 2
1421061445.194 2
1421061446.194 2
1421061447.195 2
1421061448.195 5
1421061449.196 7
1421061450.196 5
1421061451.196 9
1421061452.196 10
1421061453.197 9
1421061454.197 7
1421061455.198 4
1421061456.198 5
1421061457.199 3
1421061458.199 7
1421061459.199 4
1421061460.2 4
1421061461.2 4
1421061462.201 5
1421061463.201 7
1421061464.201 4
1421061465.202 6
1421061466.202 7
1421061467.202 6
1421061468.203 6
1421061469.203 6
1421061470.204 0
1421061471.204 1
1421061472.205 0
1421061473.205 1
1421061474.206 0
1421061475.206 2
1421061476.207 1
1421061477.207 1
1421061478.208 2
1421061479.208 2
1421061480.208 2
1421061481.209 2
1421061482.209 2
1421061483.21 5
1421061484.21 1
1421061485.21 4
1421061486.211 4
1421061487.211 3
1421061488.212 2
1421061489.212 1
1421061490.213 1
1421061491.213 1
1421061492.214 6
1421061493.214 7
1421061494.214 9
1421061495.215 4
1421061496.215 3
1421061497.215 10
1421061498.216 7
1421061499.216 7
1421061500.217 3
1421061501.217 2
1421061502.217 5
1421061503.218 5
1421061504.218 8
1421061505.218 8
1421061506.219 8
1421061507.219 6
1421061508.219 5
1421061509.22 2
1421061510.22 2
1421061511.221 1
1421061512.221 0
1421061513.221 2
1421061514.222 3
1421061515.222 1
1421061516.222 5
1421061517.223 5
1421061518.223 5
1421061519.224 1
1421061520.224 1
1421061521.225 3
1421061522.225 2
1421061523.226 1
1421061524.226 2
1421061525.227 0
1421061526.227 3
1421061527.227 7
1421061528.228 7
1421061529.228 6
1421061530.228 8
1421061531.229 7
1421061532.229 4
1421061533.229 7
1421061534.23 7
1421061535.23 6
1421061536.23 2
1421061537.231 9
1421061538.231 4
1421061539.231 5
1421061540.232 6
1421061541.232 8
1421061542.233 6
1421061543.233 2
1421061544.233 6
1421061545.234 2
1421061546.235 3
1421061547.235 6
1421061548.235 6
1421061549.236 7
1421061550.236 7
1421061551.236 1
1421061552.237 1
1421061553.237 1
1421061554.238 1
1421061555.238 2
1421061556.239 3
1421061557.239 5
1421061558.239 3
1421061559.24 6
1421061560.24 3
1421061561.24 4
1421061562.24 1
1421061563.241 2
1421061564.241 6
1421061565.242 2
1421061566.242 1
1421061567.242 3
1421061568.243 7
1421061569.243 8
1421061570.243 6
1421061571.244 8
1421061572.244 6
1421061573.245 4
1421061574.246 1
1421061575.246 1
1421061576.246 4
1421061577.247 2
1421061578.247 6
1421061579.248 3
1421061580.248 5
1421061581.249 2
1421061582.249 1
1421061583.25 3
1421061584.25 0
1421061585.251 3
1421061586.251 1
1421061587.252 1
1421061588.252 3
1421061589.252 4
1421061590.253 5
1421061591.253 8
1421061592.253 7
1421061593.254 5
1421061594.254 5
1421061595.255 4
1421061596.255 2
1421061597.255 5
1421061598.256 6
1421061599.256 2
1421061600.257 1
1421061601.257 2
1421061602.257 8
1421061603.257 3
1421061604.258 6
1421061605.258 8
1421061606.258 3
1421061607.259 8
1421061608.259 4
1421061609.259 5
1421061610.26 0
1421061611.26 6
1421061612.261 4
1421061613.261 3
1421061614.261 2
1421061615.262 5
1421061616.262 4
1421061617.262 7
1421061618.262 5
1421061619.263 1
1421061620.263 4
1421061621.263 4
1421061622.264 5
1421061623.264 2
1421061624.265 1
1421061625.265 2
1421061626.266 1
1421061627.266 1
1421061628.266 3
1421061629.267 3
1421061630.267 7
1421061631.268 5
1421061632.268 3
1421061633.269 6
1421061634.269 1
1421061635.27 1
1421061636.27 5
1421061637.27 4
1421061638.271 0
1421061639.271 1
1421061640.272 4
1421061641.272 1
1421061642.272 2
1421061643.273 2
1421061644.274 2
1421061645.274 3
1421061646.274 2
1421061647.275 3
1421061648.275 4
1421061649.276 3
1421061650.276 2
1421061651.277 12
1421061652.277 11
1421061653.278 4
1421061654.278 2
1421061655.278 1
1421061656.279 1
1421061657.279 1
1421061658.28 1
1421061659.28 1
1421061660.281 2
1421061661.281 2
1421061662.282 1
1421061663.282 2
1421061664.283 2
1421061665.283 1
1421061666.283 0
1421061667.284 2
1421061668.284 0
1421061669.285 1
1421061670.285 0
1421061671.286 3
1421061672.286 3
1421061673.286 5
1421061674.287 3
1421061675.288 3
1421061676.288 4
1421061677.288 13
1421061678.288 8
1421061679.289 20
1421061680.289 10
1421061681.29 6
1421061682.29 25
1421061683.291 8
1421061684.292 13
1421061685.292 34
1421061686.292 12
1421061687.292 35
1421061688.293 39
1421061689.293 17
1421061690.294 27
1421061691.295 18
1421061692.296 16
1421061693.296 9
1421061694.297 5
1421061695.297 4
1421061696.297 3
1421061697.298 2
1421061698.298 1
1421061699.298 6
1421061700.299 4
1421061701.299 6
1421061702.3 5
1421061703.3 5
1421061704.3 5
1421061705.301 6
1421061706.301 5
1421061707.302 4
1421061708.302 3
1421061709.303 6
1421061710.303 2
1421061711.304 27
1421061712.304 41
1421061713.304 48
1421061714.305 18
1421061715.305 30
1421061716.306 46
1421061717.307 48
1421061718.307 48
1421061719.309 77
1421061720.309 34
1421061721.31 24
1421061722.31 13
1421061723.31 6
1421061724.311 5
1421061725.311 4
1421061726.312 9
1421061727.312 2
1421061728.313 3
1421061729.313 3
1421061730.314 3
1421061731.314 5
1421061732.314 11
1421061733.315 7
1421061734.315 14
1421061735.316 14
1421061736.317 14
1421061737.317 3
1421061738.318 10
1421061739.318 12
1421061740.319 8
1421061741.319 3
1421061742.32 15
1421061743.32 17
1421061744.32 14
1421061745.321 18
1421061746.321 1
1421061747.321 0
1421061748.322 2
1421061749.322 17
1421061750.323 10
1421061751.323 1
1421061752.323 2
1421061753.324 1
1421061754.324 1
1421061755.325 1
1421061756.325 3
1421061757.326 6
1421061758.326 4
1421061759.326 3
1421061760.327 3
1421061761.327 3
1421061762.328 7
1421061763.328 3
1421061764.329 3
1421061765.329 5
1421061766.33 5
1421061767.33 4
1421061768.33 7
1421061769.331 11
1421061770.331 13
1421061771.332 10
1421061772.332 2
1421061773.333 2
1421061774.333 1
1421061775.333 4
1421061776.334 2
1421061777.334 0
1421061778.334 1
1421061779.335 1
1421061780.335 1
1421061781.336 0
1421061782.336 1
1421061783.337 0
1421061784.337 1
1421061785.337 0
1421061786.338 1
1421061787.339 1
1421061788.339 1
1421061789.339 2
1421061790.34 0
1421061791.34 1
1421061792.34 1
1421061793.341 0
1421061794.341 1
1421061795.342 2
1421061796.342 2
1421061797.343 1
1421061798.343 1
1421061799.344 0
1421061800.344 2
1421061801.345 3
1421061802.345 2
1421061803.346 1
1421061804.346 1
1421061805.347 2
1421061806.347 4
1421061807.347 1
1421061808.348 5
1421061809.348 8
1421061810.349 9
1421061811.349 9
1421061812.349 11
1421061813.35 9
1421061814.35 2
1421061815.351 2
1421061816.351 2
1421061817.351 3
1421061818.352 9
1421061819.352 8
1421061820.352 6
1421061821.353 7
1421061822.353 6
1421061823.353 6
1421061824.354 3
1421061825.354 5
1421061826.355 6
1421061827.355 3
1421061828.356 1
1421061829.356 2
1421061830.357 2
1421061831.357 3
1421061832.358 1
1421061833.358 2
1421061834.359 1
1421061835.359 1
1421061836.36 1
1421061837.36 2
1421061838.361 1
1421061839.361 2
1421061840.361 2
1421061841.362 2
1421061842.362 1
1421061843.363 1
1421061844.363 0
1421061845.364 2
1421061846.364 0
1421061847.365 1
1421061848.366 1
1421061849.366 4
1421061850.367 15
1421061851.367 15
1421061852.367 22
1421061853.367 22
1421061854.368 17
1421061855.368 4
1421061856.369 6
1421061857.369 5
1421061858.369 21
1421061859.37 7
1421061860.37 24
1421061861.371 19
1421061862.371 9
1421061863.371 7
1421061864.371 11
1421061865.372 33
1421061866.372 16
1421061867.373 20
1421061868.373 10
1421061869.374 15
1421061870.374 22
1421061871.374 21
1421061872.375 6
1421061873.375 1
1421061874.376 0
1421061875.376 1
1421061876.377 7
1421061877.377 3
1421061878.377 6
1421061879.378 16
1421061880.378 10
1421061881.379 13
1421061882.379 8
1421061883.379 3
1421061884.38 5
1421061885.38 1
1421061886.381 4
1421061887.382 1
1421061888.382 1
1421061889.383 0
1421061890.383 1
1421061891.384 4
1421061892.384 3
1421061893.385 5
1421061894.385 1
1421061895.386 0
1421061896.387 11
1421061897.387 20
1421061898.387 15
1421061899.388 7
1421061900.388 2
1421061901.389 0
1421061902.389 4
1421061903.389 0
1421061904.39 1
1421061905.39 8
1421061906.391 8
1421061907.391 4
1421061908.392 4
1421061909.392 0
1421061910.393 1
1421061911.393 0
1421061912.394 1
1421061913.394 0
1421061914.395 1
1421061915.395 3
1421061916.396 1
1421061917.396 0
1421061918.397 1
1421061919.398 2
1421061920.398 2
1421061921.399 0
1421061922.399 1
1421061923.399 2
1421061924.399 1
1421061925.4 0
1421061926.4 0
1421061927.401 2
1421061928.401 7
1421061929.401 5
1421061930.402 9
1421061931.403 9
1421061932.403 5
1421061933.404 1
1421061934.404 0
1421061935.405 1
1421061936.405 0
1421061937.406 1
1421061938.406 0
1421061939.407 1
1421061940.407 1
1421061941.408 1
1421061942.408 0
1421061943.409 1
1421061944.409 0
1421061945.41 1
1421061946.41 3
1421061947.411 11
1421061948.411 9
1421061949.411 4
1421061950.412 4
1421061951.412 12
1421061952.413 7
1421061953.413 11
1421061954.414 3
1421061955.414 6
1421061956.415 16
1421061957.415 16
1421061958.415 15
1421061959.416 8
1421061960.416 4
1421061961.416 12
1421061962.417 4
1421061963.417 7
1421061964.418 2
1421061965.418 4
1421061966.419 4
1421061967.419 2
1421061968.419 8
1421061969.42 11
1421061970.42 1
1421061971.421 2
1421061972.421 1
1421061973.422 1
1421061974.422 2
1421061975.423 1
1421061976.423 1
1421061977.424 3
1421061978.424 1
1421061979.425 1
1421061980.425 1
1421061981.426 1
1421061982.427 2
1421061983.427 0
1421061984.427 1
1421061985.428 1
1421061986.428 2
1421061987.429 0
1421061988.429 1
1421061989.43 0
1421061990.43 1
1421061991.431 0
1421061992.431 2
1421061993.432 2
1421061994.432 1
1421061995.433 1
1421061996.433 1
1421061997.434 1
1421061998.434 1
1421061999.435 1
1421062000.435 1
1421062001.436 0
1421062002.436 1
1421062003.437 1
1421062004.437 1
1421062005.438 1
1421062006.438 1
1421062007.439 1
1421062008.439 3
1421062009.44 0
1421062010.44 1
1421062011.441 1
1421062012.441 2
1421062013.442 0
1421062014.442 1
1421062015.443 0
1421062016.443 2
1421062017.444 0
1421062018.444 1
1421062019.445 1
1421062020.445 1
1421062021.446 0
1421062022.446 1
1421062023.446 0
1421062024.447 4
1421062025.447 0
1421062026.448 1
1421062027.448 2
1421062028.449 1
1421062029.449 0
1421062030.45 1
1421062031.45 1
1421062032.451 3
1421062033.451 0
1421062034.452 2
1421062035.452 0
1421062036.453 1
1421062037.453 1
1421062038.454 1
1421062039.454 0
1421062040.455 4
1421062041.455 1
1421062042.456 0
1421062043.456 1
1421062044.457 1
1421062045.457 3
1421062046.458 2
1421062047.458 0
1421062048.459 6
1421062049.459 5
1421062050.459 6
1421062051.46 4
1421062052.46 5
1421062053.461 0
1421062054.461 2
1421062055.462 4
1421062056.462 2
1421062057.463 0
1421062058.463 5
1421062059.463 9
1421062060.464 0
1421062061.464 3
1421062062.465 5
1421062063.465 1
1421062064.466 8
1421062065.466 6
1421062066.466 4
1421062067.467 9
1421062068.467 1
1421062069.468 2
1421062070.468 1
1421062071.469 1
1421062072.469 1
1421062073.469 1
1421062074.47 2
1421062075.47 1
1421062076.471 3
1421062077.471 2
1421062078.472 1
1421062079.472 1
1421062080.473 8
1421062081.473 1
1421062082.474 1
1421062083.474 6
1421062084.475 8
1421062085.475 10
1421062086.475 12
1421062087.476 16
1421062088.476 10
1421062089.476 27
1421062090.477 19
1421062091.477 1
1421062092.478 5
1421062093.478 11
1421062094.479 5
1421062095.479 1
1421062096.479 15
1421062097.48 7
1421062098.48 14
1421062099.481 19
1421062100.481 22
1421062101.481 10
1421062102.482 7
1421062103.482 1
1421062104.482 3
1421062105.483 4
1421062106.483 3
1421062107.484 6
1421062108.484 8
1421062109.485 1
1421062110.485 4
1421062111.486 1
1421062112.486 2
1421062113.486 5
1421062114.487 18
1421062115.487 3
1421062116.488 1
1421062117.488 1
1421062118.489 1
1421062119.489 3
1421062120.49 1
1421062121.49 1
1421062122.491 1
1421062123.491 0
1421062124.492 1
1421062125.492 0
1421062126.493 1
1421062127.493 1
1421062128.494 1
1421062129.494 0
1421062130.495 1
1421062131.495 2
1421062132.496 2
